000931184
551241530
551241662
552442612
552654930
552654933
552839946
553153267
553324752
553743960
553744147
559399925
563028544
566876664
567182256
567670986
570732656
571751155
572151638
573064445
573577798
573577801
573578065
573929723
573972021
573972022
574886625
578220022
578220033
578227419
578433326
578648887
578712273
578712274
578712275
578712326
578712346
578712347
583931793
585676766
587671594
587671597
587671598
587671621
587671637
587765068
595791644
596748683
596748730
596748748
596834967
597119030
597119045
597119046
598022299
598022516
598022525
598341451
599122279
599122299
599123201
599123224
599123349
599123357
599123379
599123386
599123389
599123405
599123511
599123575
599123586
599123594
599123595
599124106
599137282
599138553
599140237
599173375
599572859
599669130
599700769
650396608
650525069
653547415
653605910
653642596
653975091
654600083
654649081
654754465
654871796
654887161
654953574
654953686
654953704
654955226
654955274
654955317
654955336
654955402
654955505
654955532
654955577
654955621
654955645
654955689
654955732
654955747
654955760
654955766
654955807
654955816
654955839
654955876
654955887
654955921
654993497
654993578
654994589
654995079
654995085
654995089
654995212
654995250
654996080
654996148
654996194
654996227
654998211
654999759
655000746
655006756
655559262
655559265
655983546
657649099
658323803
658323932
658973036
004007772
004012214
004086244
004660737
009220187
009231880
009251849
009595540
550991854
551305855
551540266
551836407
552888894
554886583
555055990
555393666
555655932
556387133
556391344
556657787
557650141
562883809
563027339
566764714
566785959
568049923
571721947
572022900
573656418
573656422
573656438
578716842
579062631
582883915
583310302
583603185
585732921
585758709
586312107
586884426
586884428
587487739
587494812
587513371
591116619
595428581
597152525
597990466
598759481
599083092
599939490
650211901
650425179
650434294
651238073
652351578
653735018
653862219
654412762
654790426
654793163
654982372
655024429
655534304
655778409
657780346
658221848
658221850
658321161
659307316
661288305
661633765
552870162
555287899
557649074
565232399
596993977
597274801
651413149
653946642
655677412
657301103
662316517
578449559
580683630
595341852
651327287
653666516
653838471
658061382
001792858
001792872
551947985
554335471
554335480
554870950
554951740
554951762
555210683
555564926
555564927
555567915
555589214
557008703
557952119
563838228
564429516
564745667
565370981
565490317
565673705
565700772
566699426
566792609
566807112
566889635
567031336
567034001
567181659
567447619
568193754
568395783
571863438
572581977
572675008
573007038
573093175
573107001
573497044
573497046
573556897
575983089
575988381
576335459
576885338
577108425
577108428
577357311
577567018
577568676
577604422
577835392
577942011
577977429
578086426
578275784
578306828
578309957
578311774
578327149
578329819
578373808
578377047
578406884
578447635
578450160
578458777
578465416
578468466
578647074
579006848
579697589
582100503
583118575
583118598
583248249
583499852
583499861
584636047
585058339
585354325
585354335
585365154
585912844
585912846
585912847
585912849
586078335
586262069
586277048
586277052
586294039
586933850
586934213
586934236
586952398
587064271
587171336
587252635
587271341
587277065
587277071
587303927
587313379
587364394
587411689
587488709
587598069
587600923
587711055
587729770
587761329
587766236
588324012
588579113
591105959
594681929
594893219
594893225
595103407
595317726
595319523
595333953
595462467
595466226
595466244
595466278
595483232
595527168
595840304
596098675
596623060
596846185
596846188
596905576
596997887
597018933
597122645
597122935
597122937
597123119
597206621
597333714
597410635
597809488
598045714
598136384
598288805
598425223
599033542
599033592
599061842
599063162
599063176
599063883
599081659
599106919
599109528
599112284
599112285
599112289
599142577
599157027
599161133
599291780
599669191
599693690
599764203
599885072
599918438
599920686
599929525
599934162
599944547
599944635
599948373
599961814
599968922
650847188
651197363
651336860
651336895
651336898
651596854
651721348
651805729
652189128
652571622
652630459
652630460
652835110
652997395
653128531
653146034
653146035
653264418
653522169
653593356
653600068
654088016
654088017
654107273
654173541
654397864
654425888
654554449
654747305
654988304
655177346
655243353
655246418
655278606
655284885
655305543
655309616
655312658
655312661
655313376
655347560
655347789
655353410
655353419
655353423
655355718
655356414
655365424
655373177
655373184
655376682
655382373
655444187
655447160
655447161
655447220
655450967
655588493
655613658
655868819
656671302
657170736
658158679
658268107
658302534
658302648
658302953
658421992
658422130
658429149
658440104
658440106
658453601
658486209
658488588
658488590
658488600
658488601
658488731
658488879
658745522
658978081
659130738
659130742
659148725
001488007
004172643
550148083
555744905
572624721
577160555
577195547
578490332
578670321
578922246
578922253
594223614
595330601
655778407